5.400593456467428410e+01 -3.987525595143887040e+04 -1.516795476983928211e+03 0.000000000000000000e+00 0.000000000000000000e+00 1.001589313264417598e+02 1.251984362211107964e+03 0.000000000000000000e+00 2.572148336314459698e+02 1.744445184616885854e+03
-3.987525595143887040e+04 2.992266793937908486e+07 9.210019805979841622e+05 0.000000000000000000e+00 0.000000000000000000e+00 -7.815405072240903974e+04 -9.488909939705622382e+05 0.000000000000000000e+00 -1.990291689433235733e+05 -1.329745377690020017e+06
-1.516795476983928211e+03 9.210019805979841622e+05 1.249029757335745962e+05 0.000000000000000000e+00 0.000000000000000000e+00 -1.074598880217592296e+03 -2.503020430892238437e+04 0.000000000000000000e+00 -3.452818797960480424e+03 -3.172549677652433093e+04
0.000000000000000000e+00 0.000000000000000000e+00 0.000000000000000000e+00 0.000000000000000000e+00 0.000000000000000000e+00 0.000000000000000000e+00 0.000000000000000000e+00 0.000000000000000000e+00 0.000000000000000000e+00 0.000000000000000000e+00
0.000000000000000000e+00 0.000000000000000000e+00 0.000000000000000000e+00 0.000000000000000000e+00 0.000000000000000000e+00 0.000000000000000000e+00 0.000000000000000000e+00 0.000000000000000000e+00 0.000000000000000000e+00 0.000000000000000000e+00
1.001589313264417598e+02 -7.815405072240903974e+04 -1.074598880217592296e+03 0.000000000000000000e+00 0.000000000000000000e+00 2.224739641019724843e+02 2.535946508062619159e+03 0.000000000000000000e+00 5.566864330664269573e+02 3.599986444646823657e+03
1.251984362211107964e+03 -9.488909939705622382e+05 -2.503020430892238437e+04 0.000000000000000000e+00 0.000000000000000000e+00 2.535946508062619159e+03 3.040215764852833308e+04 0.000000000000000000e+00 6.449395589869129253e+03 4.276720001629303442e+04
0.000000000000000000e+00 0.000000000000000000e+00 0.000000000000000000e+00 0.000000000000000000e+00 0.000000000000000000e+00 0.000000000000000000e+00 0.000000000000000000e+00 0.000000000000000000e+00 0.000000000000000000e+00 0.000000000000000000e+00
2.572148336314459698e+02 -1.990291689433235733e+05 -3.452818797960480424e+03 0.000000000000000000e+00 0.000000000000000000e+00 5.566864330664269573e+02 6.449395589869129253e+03 0.000000000000000000e+00 1.402045757440486341e+03 9.135891002469417799e+03
1.744445184616885854e+03 -1.329745377690020017e+06 -3.172549677652433093e+04 0.000000000000000000e+00 0.000000000000000000e+00 3.599986444646823657e+03 4.276720001629303442e+04 0.000000000000000000e+00 9.135891002469417799e+03 6.029074663362906722e+04
